1682
136
1771
2796
2600
2647
300
1090
688
1911
1262
1970
2436
1147
1208
1247
1514
107
818
2537
1526
695
924
2418
2504
460
306
1862
1322
2711
62
424
825
191
762
936
477
1975
608
2680
1310
2081
320
542
957
2734
1725
1395
1620
2929
1820
2170
2483
1044
2458
2052
552
2905
905
1440
1578
2251
1207
1993
1074
2566
2700
2671
391
816
2325
2511
2108
1115
1194
2070
1088
2515
1680
1809
1858
393
2987
2704
2847
2466
812
1008
2842
938
899
592
310
866
162
220
2515
745
1733
1573
2907
102
2609
617
2943
1427
488
158
1747
2925
102
1226
602
2952
476
1447
2239
1031
887
2706
2914
866
2731
1490
2620
2064
2089
1445
159
1123
2762
1974
700
748
1599
123
1066
1755
2455
2963
1232
936
516
869
1695
1248
2866
2219
1591
1719
2493
630
308
2052
2606
2363
2429
418
2217
554
1538
1650
2734
1975
2895
526
1762
2617
1361
2601
898
1048
1147
1794
692
733
1517
1711
945
97
1874
1045
2187
167
1557
1798
519
293
64
1028
942
1277
576
65
2790
2211
1856
601
2720
1263
200
1063
2742
2346
801
2588
2811
1245
1056
2711
1958
1900
405
2390
197
1562
2296
1706
2810
686
175
2905
436
2956
2845
1900
1301
1038
1890
1457
203
584
259
2083
422
2396
2222
1797
797
2346
813
2342
2141
529
636
2797
454
99
2896
1606
1860
1794
54
2045
935
2096
2694
375
1535
1365
98
1785
977
2026
2134
1608
1646
690
358
1935
2710
2280
950
758
2184
2506
2410
1703
2852
157
1867
253
2824
1627
483
605
2347
1856
997
1942
737
11
1796
877
2876
495
622
289
1443
1184
1540
230
146
2810
1225
269
525
1797
932
1264
1122
1150
532
346
1938
1639
256
117
412
151
1952
598
183
900
955
1683
2993
1556
2262
2516
464
138
133
2079
212
2854
513
2269
2912
1350
270
1611
475
2976
128
1627
31
306
1770
272
2493
1208
378
2617
723
1596
2276
2196
2572
1252
81
1140
170
1901
2852
1853
810
2590
2282
2108
964
1911
2739
1820
2221
1360
1361
931
2899
1494
2412
2227
2796
1344
2063
580
587
2616
2643
926
1217
708
1901
1557
140
2076
1399
2733
2374
1823
88
1093
2141
2406
472
1808
1602
2002
613
974
2536
17
883
1233
1915
2419
731
1707
1259
675
2195
1101
2643
1345
302
2706
2098
1452
1391
2667
2446
876
2183
1595
2760
1454
1809
2178
799
2369
1838
2448
2236
502
2747
551
296
36
2531
2482
2558
1177
1969
1596
208
1701
1798
2425
1417
2143
691
2746
2884
1203
1740
780
1120
1636
1633
1647
2153
955
1298
956
835
1801
2783
408
189
1553
961
1702
2800
878
449
2144
2571
1172
1218
2253
1740
1499
2133
1486
2557
766
1537
1483
2385
2010
1013
1587
1362
1354
1916
2040
1936
775
108
1873
2167
644
2675
1289
1214
1791
502
2316
487
2356
103
410
2792
2628
354
60
2845
434
2620
2828
1464
974
1305
2329
2391
1979
1353
1151
2231
443
1557
2365
2026
2682
2844
1408
2787
375
413
1365
1090
527
1544
2060
376
92
213
1008
2152
1795
1360
2531
2992
1315
616
1998
1811
2297
891
237
37
89
1728
265
2002
503
976
2936
1203
2859
2705
1743
646
690
2809
2207
1193
2361
1883
2901
2178
93
249
2939
1134
2830
751
2989
1204
186
2671
2886
2685
861
2279
2977
2083
2910
539
707
2491
2437
1064
757
2048
745
590
1231
1494
1534
1664
2616
1071
2291
1340
874
1965
1562
1497
2795
125
864
1458
1766
2244
2140
302
327
169
348
2977
1758
830
2531
1635
1963
1485
816
2499
648
1923
2583
760
1316
819
2330
2115
91
730
1307
2580
771
706
2112
567
1105
2165
1585
2899
1594
1088
2013
887
2582
2481
696
897
414
951
770
2836
102
125
1297
1358
2158
2930
382
1012
306
1496
2261
1954
1433
2710
1846
1682
1467
2724
416
2871
988
2163
1653
1048
2149
2391
241
2140
1570
187
404
254
2101
2943
2663
2206
2889
351
1355
2721
2675
1403
1765
1935
2275
1223
2437
1367
1385
502
22
2873
2177
176
880
1095
1289
2589
2073
873
1362
340
2666
340
873
2461
845
1974
282
1624
581
2792
2058
2832
1838
40
2291
2495
1043
282
117
1190
1334
2075
2679
985
2633
1514
2364
886
1676
1788
1346
632
824
986
671
1100
136
2440
2348
2735
2751
2012
331
218
220
2825
2621
75
2970
1632
1028
385
2052
1290
1111
2196
918
2508
436
198
22
2160
2991
226
265
68
2137
1256
482
1305
2444
41
150
2385
2610
269
1611
2902
2478
335
759
427
1626
1170
524
2914
1903
19
2113
1602
2059
1234
1780
2593
2645
2805
779
1462
2772
1291
2306
1772
1213
1355
1782
1652
1860
1294
2192
1026
1665
503
1541
2577
1147
2686
1179
1966
2635
1459
1430
118
103
93
2585
605
767
1471
2504
1188
2684
371
761
806
1012
2391
2035
991
595
1521
510
882
331
2519
690
2141
284
1319
1204
1419
1238
2120
2595
334
387
644
1369
2366
362
2522
2213
2411
806
2052
349
1571
173
1978
240
2272
2100
1640
1409
2177
184
2507
1112
1115
1343
812
2243
2748
2597
1982
2202
212
1858
1810
1400
9
2025
268
893
2285
2564
1657
2744
134
2099
440
1938
834
1131
1586
1694
2788
1531
183
2300
975
2481
758
2285
2942
2483
377
1064
1406
890
2819
2491
1665
1785
423
70
1480
1259
1358
145
948
1610
1628
2573
1521
1852
2120
2000
1327
2672
654
1490
2510
2607
731
1805
2381
1413
709
2289
7
2406
124
1693
1307
205
1240
90
1951
1064
1616
2185
57
599
428
2133
2193
2612
1888
571
829
2524
1214
1294
1946
187
967
1215
2061
2374
1429
1233
452
1130
1744
2274
971
690
467
2134
2166
1557
2338
262
432
1454
371
797
838
525
2462
1611
2795
651
1042
667
1537
2362
1741
1271
745
1235
815
835
2119
2666
820
1703
133
2291
2388
1078
1402
2888
865
1427
1222
1386
1020
1363
2813
156
1436
2357
1293
2824
1381
998
1974
2737
1593
970
1926
1967
2645
1701
1845
1105
2771
1519
1820
1125
751
1317
2541
1931
2488
2500
2886
880
1005
969
2088
1398
49
1428
2895
1936
1980
1363
613
2122
960
2811
1839
2847
1629
1337
2131
709
2297
2198
2820
2700
776
2616
133
1668
2571
1646
1598
2283
1688
2124
1813
2573
2726
380
956
1846
1059
422
290
1835
2525
2310
1401
2879
2025
1843
500
2057
227
1200
2387
1922
2586
1860
1708
1853
1319
460
768
632
2674
160
47
390
1161
1818
2912
878
2487
2130
481
1479
1980
63
1848
546
2590
2577
2724
1553
2332
2138
1035
2950
2891
1010
656
964
1087
282
712
2378
1655
1096
1754
2286
2022
889
457
2198
1946
221
815
1225
226
1059
2943
436
440
1797
1679
2713
273
1703
1265
2658
2381
2201
1412
2731
1752
2964
2107
2310
1796
2697
914
1743
2832
877
1713
1999
2384
1777
519
1343
130
1413
947
1970
51
2532
881
2325
1045
251
1712
2491
2622
1620
92
1304
2269
2863
2565
2119
347
2951
892
1823
2843
1346
1716
2824
143
114
684
2515
577
130
448
1448
771
410
839
2505
1148
2499
109
692
2656
1062
2261
2406
1178
1990
2594
402
1728
2782
330
608
2315
845
600
1515
2674
2998
1948
1467
1706
1988
1249
2161
1820
2371
2196
641
1483
226
1508
2673
976
804
2321
1952
1172
2093
453
322
2153
1610
10
1568
1662
1121
135
1580
517
2384
1450
970
386
2569
1771
2882
970
2811
99
809
1741
2092
888
2951
2690
2378
2862
132
438
1025
2731
2452
2937
550
1359
1722
2773
826
2629
1440
2811
923
915
2452
2708
1996
2730
46
1729
2773
138
429
2879
813
862
218
642
1667
1455
1885
2365
965
2295
1515
2059
1815
2797
481
2622
437
1240
906
250
1164
1137
1508
404
1170
698
809
2372
886
1668
1578
2660
2986
2522
1093
2308
909
1872
2903
1596
821
559
2028
1893
2697
1328
2355
860
1789
1762
831
548
862
170
1144
1895
1310
1350
545
1945
2626
950
1242
1
846
327
2661
1532
418
2461
2621
279
1725
285
2883
289
568
612
2915
764
1350
1063
2115
2318
1471
504
27
776
2396
522
151
2586
268
138
2346
2088
2101
1490
573
2222
1111
1010
1141
1907
2874
1413
2603
2245
2535
1342
2516
345
348
2293
1233
1388
497
1785
1121
2996
2976
1211
178
1476
2762
1325
1254
2176
1515
1398
642
461
1399
1460
1082
1812
2703
1500
544
2403
1636
1632
1508
455
1932
2262
293
1171
561
744
278
2062
2055
661
499
275
1342
2028
451
922
861
2945
2167
1471
2752
2877
2016
2012
2408
1638
1991
304
737
1592
430
763
649
422
388
1309
43
2258
2614
938
1811
1044
2585
1011
2717
2890
347
1229
2214
1429
1529
278
460
1931
1595
497
2801
566
860
416
2107
441
942
553
2903
2258
1178
1486
1835
217
1549
1917
2699
2059
2502
928
2402
2723
211
1802
1787
310
2276
1296
368
2145
199
1671
2271
1874
170
447
2509
2399
1856
2211
1970
2974
698
628
1204
1634
463
642
960
2647
958
2726
1459
2411
1688
2327
1934
1873
826
1959
1568
2427
2576
529
2909
203
2886
2721
2317
1350
1896
2951
1103
1950
1417
682
1132
2210
2832
2998
1288
860
1990
2409
2194
1967
620
2775
1461
2106
2322
1512
2408
1902
2354
1947
1856
2072
2243
1314
1277
2699
2153
2289
2137
2789
2922
2963
1629
2316
1572
612
1550
197
1849
1877
1916
281
1932
1095
2691
1437
2030
2615
1763
252
2009
1866
162
2059
2262
2141
2282
520
1329
1628
1597
1080
322
2381
2587
1964
1623
2056
1302
1751
596
365
2541
1791
2349
2154
1949
1669
418
2096
158
1666
2129
2009
761
481
1914
88
567
2147
19
1252
1541
2562
2460
1570
2332
2838
981
2367
373
2814
723
1615
1121
76
1633
877
1398
1847
2507
2415
1429
2109
2302
2020
120
1677
492
1269
1562
2751
1323
14
1615
601
1309
856
2274
1846
914
2076
229
701
409
789
1355
484
1614
2059
234
2022
405
440
1364
2616
2709
432
2188
2780
2447
930
2629
2600
726
2485
2838
1358
1416
1769
570
553
202
1100
2125
2337
1531
1053
1080
2747
1615
1136
701
1712
1179
2766
534
2551
2704
2697
2024
1562
544
641
2405
1130
1422
1102
1599
2632
530
2618
176
2609
930
138
262
237
116
1953
2148
1989
1951
2337
2108
2198
690
2815
1273
2310
2740
289
184
2186
2610
2319
1734
2633
384
2828
2092
2737
2927
575
2200
1996
1468
1634
1206
478
2848
2126
2283
1062
1908
785
498
527
2925
709
2375
450
1165
2046
32
2617
66
2360
84
2298
760
107
1851
2406
2433
2740
1654
37
2421
1841
904
1008
77
2200
865
1403
2424
1988
843
2341
297
2046
1597
1853
8
220
2805
1115
1052
720
674
440
2066
632
1536
2682
2231
2781
1317
2280
1185
610
1192
775
516
1555
97
1327
2897
2111
1187
2413
1385
2628
638
29
2991
2542
954
91
219
2339
1030
2918
474
1750
1405
587
1163
622
1890
1969
1045
530
2786
2774
1644
59
1216
2142
762
2614
2903
1666
1642
1852
2568
445
831
1640
2243
2758
2883
1749
1946
1042
780
1802
352
1258
2177
2522
2145
749
2715
2268
347
98
2358
2996
506
1588
2839
1044
1010
1593
2247
2762
1325
697
1877
1647
420
432
1897
2210
1530
472
1061
1631
2964
2798
2462
671
2885
238
2832
1596
1862
1606
2521
801
635
21
1683
1365
440
2518
165
698
1426
1661
267
2454
2402
980
417
1957
1308
1554
1175
1025
910
2713
2526
239
2204
2082
297
103
328
1599
2407
1936
2222
293
1476
2733
182
2548
2871
1856
1339
717
1087
218
1328
1167
798
1220
394
2901
1959
2093
2241
1416
676
1416
1432
1460
2688
2584
1691
2353
2444
1380
1192
2897
1677
1457
1775
1969
2114
608
1059
2533
1387
1270
314
661
2333
881
849
862
42
2806
1665
1198
277
2956
2910
2832
1707
1124
2629
1288
221
152
2709
1155
1626
2109
1055
2134
2697
1734
2824
106
317
406
949
2825
2521
1082
2877
2528
2626
833
1906
2624
1700
952
2577
1794
2332
1614
754
311
1717
1217
1729
2217
1743
356
2474
2050
57
542
204
2655
247
1695
132
1768
1887
1705
2722
2879
2085
1649
216
2570
1742
472
2439
110
2657
1499
1596
2202
2105
2243
64
1150
784
1226
2373
1799
2806
2771
1988
1832
2231
124
2843
1341
2458
2451
1763
1927
2813
770
1624
1679
1046
2824
722
2913
2029
2366
2969
1103
2829
1619
485
2190
2049
460
1363
1713
1955
1331
2963
489
1639
2434
366
286
607
2668
2086
2588
1008
1673
2445
1468
2753
2524
335
2134
275
1115
804
464
1604
2211
1861
150
1182
757
312
2582
1684
1112
615
1646
1077
476
90
2620
2313
1136
2821
1258
1000
241
2476
789
2914
2408
666
2288
2649
2919
1129
2698
1402
1383
1164
512
1091
2761
1609
1056
326
287
890
187
2996
1942
466
2646
2973
371
2204
1470
1107
1383
1391
2941
1966
1392
2903
549
1386
1813
1301
1216
836
461
1270
746
1756
53
913
1803
77
1149
361
941
527
2157
434
1190
574
2753
57
1730
147
398
2996
2905
544
912
1529
2280
929
1969
2947
1703
342
2392
390
2007
1285
2356
428
1045
2556
1612
2976
487
2908
2460
1119
1593
233
1302
326
428
2774
2346
2807
1109
133
235
2045
750
1052
1120
1055
1667
171
620
370
58
1490
1163
1886
240
2224
1969
2794
812
2822
1248
2636
755
2505
2869
2057
695
2414
872
594
2076
57
583
863
1305
1062
2846
14
799
960
2044
1892
2178
895
981
2884
864
1996
416
2557
994
2857
196
413
1735
723
2204
1364
39
2729
2787
2619
2555
879
582
75
375
2499
2661
1018
1392
328
1302
33
680
560
2182
281
2339
1125
1012
1755
2205
1896
1492
790
82
1091
2725
2651
1993
2386
648
2413
2118
275
533
1509
2394
1310
140
913
26
888
2020
1836
1377
2802
1643
2065
2931
1926
2123
425
615
905
2069
2612
1935
2044
2653
2724
711
2293
1850
309
2168
610
840
2136
1448
421
364
2807
1256
691
2803
475
1418
503
223
1464
1868
2716
1696
1387
333
2535
1971
210
859
962
2609
1433
1871
1205
958
1165
790
2096
1475
881
836
2947
1715
1766
1927
2142
896
2136
1237
1308
687
1875
1595
946
2262
316
660
1014
2832
1084
42
1259
83
1631
2940
384
1663
195
1411
2712
202
1132
1059
1972
1044
2940
1539
180
2053
2960
1008
1126
462
1557
660
1605
835
1265
2303
82
2146
2863
2223
56
2752
10
1098
681
1921
2226
533
1190
1721
2949
671
1636
2644
1516
1071
1450
2023
366
1902
975
953
571
1747
2112
577
2198
2394
743
1637
1014
696
951
2532
1486
2701
380
1369
2935
1638
224
1388
2271
669
1063
2438
1643
1032
2980
1418
1176
683
852
2523
2591
971
2424
853
847
521
2417
2772
485
1734
1716
771
2230
2521
301
2618
1941
1282
1439
1743
287
2690
1489
855
1595
314
2197
1729
1488
1636
66
1200
1023
1689
2041
2867
1472
1672
2852
2275
1800
1344
2490
2312
1895
2994
2232
424
2040
2774
2729
2725
929
2977
2174
258
258
2048
1049
2778
1819
1707
867
2293
2526
1273
2982
2679
1884
27
1196
351
436
2784
1286
145
725
2541
2105
1256
2892
974
570
2292
1049
2222
978
539
1092
495
1573
1968
1941
1990
1093
965
2897
1510
35
2109
1840
2719
2829
275
540
1819
2019
1121
972
245
1556
1806
2198
2630
2989
366
315
2341
1017
1511
523
1578
1917
1326
2034
176
2634
1948
2123
973
2549
1369
2992
1791
1595
1275
2044
2692
334
1835
2551
1902
2581
1420
1385
537
2359
1193
2730
2898
1872
2569
477
2934
2348
634
1893
533
792
399
2680
2193
2552
2175
392
2183
1555
964
360
1824
1546
2228
188
428
1872
2776
265
2996
2412
1191
99
170
1633
1918
213
183
2718
2054
283
1673
1457
1538
244
975
2839
2995
836
1803
79
1466
1285
2235
2956
585
909
2987
2657
2710
1482
1922
150
285
2370
2263
2913
1193
2416
193
2488
1207
1512
784
2251
192
2628
1107
207
2480
1887
2383
1468
1095
318
2392
352
2772
2087
1239
812
2865
409
1720
2916
847
667
1879
2876
111
1240
383
1574
2617
1856
1247
2176
1773
2499
449
2707
2628
2686
311
2318
2625
1895
2380
696
2658
1661
2789
125
813
2129
1810
176
633
2089
773
286
1810
2259
1502
2163
432
687
2824
302
1749
381
292
1879
2473
1013
1008
2
2676
909
547
1659
2527
1725
807
944
2919
1982
1100
822
1591
1625
1397
2284
2929
717
1609
1284
1168
2912
537
2664
549
2958
2337
1417
2813
615
2332
1490
1763
2043
2176
2915
2375
177
2027
161
2674
253
1633
2251
2405
2167
