2993
2732
1625
369
533
162
2174
1653
2200
2411
1010
766
2073
615
1985
1897
1275
388
426
2993
1617
28
1269
2147
1722
2728
1466
2614
589
2369
1709
2397
2606
2878
93
2610
2037
2983
1748
2176
1400
365
2784
2285
191
1499
200
410
1357
1341
1363
177
678
2212
2625
170
2004
1468
1629
2186
2724
2618
2546
1904
1085
2884
1419
21
1904
959
2391
1944
1395
1927
2393
1811
896
951
189
1301
1283
2453
2927
85
1904
609
1125
1671
2962
130
1021
758
2433
981
457
839
2539
2259
1942
1262
1163
581
2285
1880
406
183
1904
1740
1578
1790
2062
2438
2649
1223
1514
232
771
30
1670
1343
1443
303
1917
1688
2912
1261
2389
1598
235
2149
2547
330
776
2910
433
1229
637
2655
347
1508
295
436
1679
1608
2060
383
394
1520
2580
887
359
902
2409
1712
570
2420
709
2343
299
449
1210
1831
702
2963
2884
1837
95
2346
1771
500
812
1999
1981
334
1130
2576
2944
1280
369
209
1301
1977
2972
759
384
167
184
1092
252
1606
2870
355
2227
2253
91
2767
1363
2390
2492
1124
405
18
1647
985
1974
2231
325
1177
1224
1032
1060
2037
771
1695
449
1775
1501
2569
2962
1334
2993
1390
2378
201
1971
1443
1645
905
1585
1366
2387
2407
686
13
1578
2199
2880
1996
2883
2968
1489
1929
2735
1665
1290
662
2995
322
1259
202
1870
244
1528
164
411
2270
54
1365
1394
917
187
2464
408
575
890
1657
1095
972
294
48
673
2209
2422
1153
2870
1906
1383
297
997
132
63
390
1054
2620
1813
499
2622
2831
327
2767
1484
2815
219
993
1728
103
1615
1090
2595
2212
76
1583
698
1047
732
2090
1908
1795
1316
1580
811
1215
2893
2137
1911
1425
765
1751
2093
88
1178
1956
135
2484
1142
260
1998
2012
1198
1636
1490
299
1325
1046
1698
1688
1398
1017
2694
1880
431
1876
2009
458
808
2255
2645
1631
602
733
1983
1660
2836
2202
2361
2710
185
2461
2182
993
2710
2219
2360
1021
2255
2744
2693
109
1601
682
1808
1109
1170
2884
1844
687
2053
1771
3
2178
1873
1961
1885
1065
1489
1651
1316
747
1374
1089
1644
1891
1273
1522
1912
2262
877
1898
1816
1477
2136
1897
1222
694
922
1120
2935
1419
2471
2403
1495
2247
2335
1838
1773
2440
932
2413
182
222
1179
2540
1949
454
1491
2703
504
1011
1475
239
2565
394
2400
2442
916
112
1324
1005
1062
914
1098
321
2907
2536
2750
2896
546
2096
2218
2322
449
2747
338
1592
396
1438
2329
1012
2874
2542
189
395
1171
144
1509
1865
1405
1837
1666
2887
2830
535
435
1562
2604
1731
899
1251
672
651
942
1351
2313
1118
1489
387
2029
1518
2030
1102
162
2629
199
1123
2555
485
1858
2649
2230
107
2714
1489
1546
1903
1062
1027
1942
859
1859
1652
2684
941
477
2872
2364
1619
146
1033
1085
890
1903
1002
2366
1387
1260
2914
2763
1827
1187
1392
467
1877
623
1663
2214
1238
1398
2894
996
372
80
1687
1705
524
2138
2913
1260
2567
315
2893
2094
1048
2272
2234
720
388
2250
325
1214
2511
2605
1416
736
1103
2380
1845
150
127
824
24
171
698
856
1991
1891
2234
354
46
934
900
2455
2971
1950
890
1164
1627
1005
1061
836
1271
2024
1172
764
2327
1584
1109
2591
1000
2007
615
871
85
2063
106
1581
264
1310
1164
824
491
1022
1072
1593
2920
513
2293
1927
2545
1409
2056
2438
1468
845
663
995
2535
1128
2092
2426
2916
1308
2065
960
1481
2260
1166
589
695
1271
2229
2569
444
1056
1334
2279
439
2881
788
487
1456
736
555
1261
825
306
844
1894
2725
1660
6
683
1452
969
347
319
120
2990
572
1242
319
2497
1802
2968
1213
999
2266
788
1061
1156
700
1621
995
229
1889
2035
921
1802
1390
106
1997
512
2833
893
1084
2163
2551
95
2997
2648
1863
1954
1012
1048
991
1450
1745
1192
2057
59
1972
2918
2505
1479
2056
2206
1158
2173
1217
282
178
187
243
536
688
596
937
461
625
2132
958
2511
379
2648
1955
1792
2039
1114
502
2935
2725
2298
2763
897
1238
2481
498
373
1942
1759
684
2340
276
2740
1315
2599
2551
1075
1926
2139
1838
1571
2453
1175
2772
663
1487
1622
1615
709
1014
2832
636
2356
372
2963
2480
1142
476
295
989
1653
1183
1422
1567
2930
201
938
546
2440
2095
1353
1914
2943
2128
868
926
1349
1677
1165
218
1135
2606
830
1528
1669
1611
2591
1387
179
1323
2615
127
491
1429
2796
464
2544
2217
2877
2245
630
249
2716
537
2389
345
2025
14
1685
1632
2650
182
2651
1690
2911
615
2681
668
113
2242
419
2820
1075
1801
1686
818
2464
1938
2803
94
1460
1301
657
1183
2263
2046
1129
1469
1092
790
411
229
2559
549
21
630
2525
252
172
1868
2398
1226
1811
73
2565
1997
784
2155
2616
1363
1886
2142
1042
1972
2477
2214
2710
2037
1646
456
935
2676
778
2582
2034
2971
1715
718
2741
435
1426
543
2897
535
478
1903
402
2633
126
923
1303
2317
1614
835
2149
688
2910
2657
1046
804
1593
1311
1727
1483
456
2938
231
2653
814
2534
26
409
2895
695
1886
364
873
1610
2285
1736
1397
1350
1361
484
159
2354
639
1924
1616
2548
1225
381
941
1963
1959
2631
1760
2890
1016
1423
860
2066
2554
2208
463
819
1073
1766
1736
2118
348
439
2695
849
803
181
2356
440
1197
988
1231
2076
798
197
2798
443
2701
2901
38
1789
2811
221
1161
398
623
2558
2446
460
639
2200
2446
1799
1721
1360
2985
2823
1912
492
2473
79
2610
772
263
2789
518
511
1346
2042
1155
2135
2974
412
1395
290
696
2973
718
2406
2952
2816
2051
2664
1367
1856
137
1912
472
149
404
2741
467
2444
2652
1
92
2977
1471
2512
1026
308
1758
1315
508
1885
2876
2323
2422
133
739
572
1569
2075
2721
2216
456
1911
1328
884
2758
798
2292
2403
30
1379
173
93
2786
2078
1364
1908
1693
1036
521
2339
268
1515
203
1068
870
56
1697
1516
1765
319
1566
1436
1157
1790
2530
647
2009
2063
2810
2523
2197
64
2154
1342
613
304
2865
2118
876
848
2266
2645
914
1403
75
1888
869
2036
462
330
2672
1947
2221
521
745
2651
2842
2701
2987
1811
2404
456
2804
63
1838
2183
2073
234
98
1372
310
298
507
1604
1346
552
2992
2972
838
619
92
2851
118
2344
866
1363
776
1232
1397
786
2002
2990
2422
528
856
491
2951
1892
923
1344
2956
991
1165
2983
825
1572
1640
231
1222
1603
2446
2618
336
49
2563
1028
1537
1974
983
2330
2383
2274
1600
277
274
1956
1037
1146
1407
2137
237
1255
570
2238
189
1532
184
778
2272
539
682
842
729
341
1126
1026
2116
1987
863
2133
866
1646
2580
1946
1227
1451
142
2643
302
2526
1811
674
484
1042
360
2099
1731
2179
2844
2392
182
1984
1959
1805
2498
1984
9
2801
1563
2296
639
493
1732
2014
1288
636
2462
29
2661
799
2688
2229
631
2068
1156
1382
243
930
842
49
2816
1500
590
1099
2082
1647
1229
63
1158
354
21
775
605
1497
2138
1959
1582
806
2388
2030
2748
1861
2662
1289
1679
2370
2578
462
950
1993
271
90
970
249
2021
583
2725
2910
2463
542
849
537
1063
28
342
1407
831
1572
1147
1259
1731
2594
2590
2248
1453
2487
918
1247
472
374
2325
242
646
345
1916
899
2709
1673
2798
2619
1980
944
1110
1035
1163
1877
2197
544
2632
2419
2307
2503
582
1566
2759
2925
400
2899
1649
73
1860
1867
381
2017
378
2012
1250
1110
1755
444
480
1237
375
1091
1065
2858
2406
2707
2686
2595
2872
2711
1762
2078
433
1909
1267
2992
2748
1521
1116
2387
1432
336
808
2580
1928
886
2690
1366
1899
1636
1696
2470
580
1481
1629
2188
381
2684
1685
1474
884
2027
227
2284
2616
1924
39
133
756
1141
451
1042
2017
1769
236
188
2731
1002
686
1584
1914
1470
2208
2395
672
2528
2551
1620
1978
1819
983
954
880
789
1651
1542
1934
1534
1493
2335
1253
1467
1210
2480
820
1635
2661
2608
79
2798
2811
2430
2098
2629
2630
2463
2623
82
1507
758
571
549
2975
1046
2526
1863
2350
2191
1
2895
2140
1986
2450
2023
1596
811
1747
2426
85
1170
2722
1796
509
2014
2209
2126
2518
2095
988
348
541
2342
2610
229
2425
1067
1493
1615
944
1403
2284
372
1869
780
2664
1781
1166
494
1980
2089
690
2375
117
833
2208
115
1729
204
1618
1399
2708
1610
616
1776
141
2135
777
533
519
399
2805
1534
2043
1016
726
2287
2835
2728
2740
2580
2345
116
1447
219
2118
514
319
769
871
307
1912
2714
2674
1176
2458
2769
1790
920
2956
1199
2936
1612
304
1644
1274
176
618
2751
710
470
2162
1628
216
1167
321
1129
1729
2833
2192
1580
1088
2384
211
2157
1355
546
445
2091
2083
388
2997
1638
813
1594
2982
697
357
127
149
1258
2125
2241
2603
1399
748
2111
1618
2150
866
1699
1485
625
2086
126
1328
820
1114
148
2206
2212
1303
429
705
2142
266
2677
995
97
1600
441
563
354
1190
2646
1900
2946
2344
2896
576
1622
1899
2323
2722
2602
2583
674
433
2618
2956
594
2968
2751
2661
1706
1674
1979
1338
2441
3
441
2839
1715
937
2403
2434
1121
1265
1778
1706
2429
2575
2108
627
2439
1101
413
1094
2719
468
2316
484
2856
2201
2696
555
1764
326
2920
218
465
633
2900
694
624
2538
1155
407
2343
2014
457
2917
642
1977
1341
2188
2754
1528
797
2054
2905
684
2030
2343
665
1307
315
660
2033
1024
2473
1965
883
331
582
1361
117
2251
2220
2473
306
2503
1349
1653
2676
1268
1540
1354
48
1921
2286
1853
853
1166
2203
537
2018
1075
2957
2692
2716
2965
628
2280
1186
131
2227
1173
2621
2238
2586
2331
238
1615
1569
2893
838
1811
750
2178
860
1081
2572
2077
367
2501
1288
2677
1072
2421
304
2134
2210
1264
1059
1670
481
118
1767
452
2164
1249
1875
114
1761
147
1953
2291
2628
2243
959
1303
2651
487
1243
1972
1857
2005
81
1479
493
884
1874
2800
2254
2829
2554
1716
2302
2271
1926
27
1511
2696
145
2665
2598
111
938
1746
1595
798
2995
2526
130
2598
176
813
2769
2930
297
2892
1334
1533
2150
893
2237
528
1143
2141
859
2884
1333
1574
322
669
1688
509
761
527
878
2750
606
2626
389
1187
1587
2185
2813
844
2107
2393
1437
2584
1175
2045
944
553
1010
1862
1492
1518
1205
2071
2135
2954
2511
1958
966
1073
2821
2230
155
2011
1602
2074
258
697
2995
133
2824
2837
1666
1469
369
1654
1788
1469
1356
1776
2857
2873
901
1594
2544
1445
1256
393
1508
2014
1692
1882
1360
2130
364
1885
2410
163
1837
1013
2278
550
1812
2747
74
1066
2440
354
1777
1012
1183
2534
1143
1200
1440
438
2744
2993
2324
480
1837
1145
2905
779
1908
2477
2828
1752
802
552
2051
1074
1528
1760
1221
1460
832
2317
2295
682
2274
845
1275
2199
1591
1668
1558
317
593
1417
479
356
2005
1660
2639
1529
198
2516
2370
1368
1391
2565
1088
5
509
2550
551
1867
2047
1040
585
2495
963
2339
830
999
1710
1371
1390
2636
1071
1671
2853
655
832
1658
531
1912
1482
922
1279
1753
989
2022
935
2225
345
1949
1863
2092
2803
2433
795
232
1975
875
1851
74
2439
1360
1450
663
1605
2264
395
1303
211
815
2329
675
748
2325
256
1815
454
1648
941
322
255
1017
1015
1459
945
2828
1721
310
2300
1881
22
2140
646
2223
2151
73
1641
760
787
54
769
1240
1084
2334
2192
375
554
102
840
1934
1150
1190
1477
2054
2493
1380
1845
2971
1303
1192
1468
2392
2219
1121
1848
2101
2537
2710
2710
1739
2291
1761
2967
911
849
1998
1698
2845
375
938
247
2988
1422
1159
357
1343
1892
803
2513
2676
520
1551
2405
85
2022
613
16
1356
2307
1387
239
20
2566
2349
392
2122
1347
519
2390
1515
1949
1151
398
2374
752
1569
2213
2978
2064
692
1364
506
1881
1090
2201
2589
572
1205
2835
1747
938
1788
977
936
2416
1141
2488
2981
1671
724
1320
2604
2631
962
2449
233
2248
1577
1063
2553
1333
2195
1127
258
2325
883
2997
1969
2719
2331
1468
411
273
2468
2505
1755
1109
436
1484
1970
2377
90
2171
1829
2850
37
869
2672
660
690
792
1833
2127
1492
536
943
1538
70
1309
1744
2933
2636
2183
2546
2974
1608
2417
2377
194
1848
511
2871
2421
2268
677
1114
2136
2541
2029
1752
630
1841
2172
2821
867
1611
346
973
1153
1256
645
1821
1385
1812
1953
2787
1730
2451
2078
2070
2609
827
405
791
1198
2279
1880
1871
1422
2758
1686
2259
1434
2114
607
1027
2324
997
2714
2976
1377
2020
2217
851
2199
2872
1741
610
876
2962
1212
1829
2112
899
1459
855
201
798
2521
584
649
5
763
191
94
2375
2869
2261
757
2044
195
2629
660
607
53
2223
1291
2154
2768
1755
2094
1464
1007
1075
2050
2603
21
354
409
1998
861
2072
1580
1172
488
2391
2444
327
2834
152
540
261
1522
1767
2679
2021
92
573
2442
47
1981
1243
2245
2738
354
2268
1523
2975
414
908
1427
410
2326
1893
819
504
1962
2824
2456
1564
1282
1024
2317
1876
2002
1810
2021
353
92
1768
2294
500
337
949
2236
2507
2363
1380
2583
2738
2818
329
2707
63
2305
529
554
654
244
189
760
1187
216
2248
226
2478
1975
2226
1523
703
1807
1878
69
907
1286
478
641
2736
245
1470
1243
1794
989
1254
332
2512
2706
1720
685
376
2467
930
1646
2295
490
2614
2384
2749
1150
2436
373
557
43
1553
738
2538
2835
0
2429
1964
827
2415
225
2770
1660
181
2315
2090
365
584
385
1804
1818
2883
2854
2916
2002
2164
2780
2534
1274
275
454
524
2570
2342
1953
2699
1337
577
2919
1452
1851
499
583
54
2595
2469
2380
1232
2517
1755
96
412
2901
1556
2325
2528
1206
1407
1649
1462
1984
251
2515
658
617
1529
750
204
2094
557
1129
1011
2127
2806
2704
2
1677
1135
683
1951
528
142
2912
46
1913
2274
23
2244
368
938
2691
2079
1283
897
1872
539
2172
1197
1821
2335
1110
1102
1944
590
1836
828
1184
2274
838
1737
1539
2219
1921
2293
1740
2156
897
80
2600
2367
365
1843
526
2959
495
912
585
2762
671
2415
1971
2594
1700
1098
559
361
1446
2112
2331
346
242
2238
384
1495
2667
2076
1496
2452
466
2211
1259
2762
825
1748
2694
2960
2201
1868
2225
612
686
403
1210
2815
492
1884
1803
2151
2601
2591
405
1206
2495
946
1224
2871
1539
2270
88
1297
1711
142
2221
1156
2336
474
1487
1112
2053
2001
2820
188
349
1525
80
2196
883
1720
912
29
1097
2837
675
354
46
2857
2645
1768
422
1417
2833
870
708
629
1090
942
118
465
438
1113
2869
1748
224
2015
2888
689
2624
508
1516
971
2881
1174
2474
1350
2447
1914
2445
64
2691
1078
2758
2743
2197
1785
1030
140
1357
2263
2871
1628
2821
177
207
536
2119
2641
2026
1202
1350
1923
220
2832
459
2366
1992
533
1199
234
2487
866
2472
2620
2184
1236
2442
221
496
1335
1331
1729
2511
665
1874
474
2911
2321
2861
701
2129
2629
662
1804
2094
2371
418
2058
278
648
1158
1654
929
300
214
2807
0
38
2531
2702
175
1179
679
816
1897
1930
1136
1754
600
915
2384
583
223
582
2701
1629
166
761
1929
1950
1898
1689
576
2
1678
1312
1353
98
658
1255
124
95
2438
1691
454
2617
2451
1716
1044
156
1622
171
1153
2188
2938
1625
765
521
1665
2172
1701
2669
1758
1708
329
1075
2194
116
1591
2778
1498
2117
2881
1606
209
1148
2604
2960
351
843
2944
1715
998
900
2791
1527
372
338
612
1860
1282
1274
2738
436
1384
63
1094
2083
1314
132
106
874
907
1361
158
1342
101
1568
869
776
1738
1074
1233
2013
1883
1651
684
1958
2418
1156
109
1970
2869
1223
1691
1646
2266
2580
2145
1031
1577
2810
1798
1935
563
1786
424
1875
1077
189
2908
2301
2033
2310
340
2397
1969
978
669
234
2016
2724
1172
247
831
717
2245
2976
1193
937
1440
227
740
1292
800
1468
1557
1691
2585
2673
1022
743
2350
2356
1366
731
2348
2759
2517
2815
710
161
2618
1414
2821
702
2724
258
2148
1222
1657
2488
2078
2852
1086
1053
140
478
956
1351
1463
172
299
2200
1846
217
22
1829
2709
2647
1746
1278
2938
2287
292
2558
1109
2133
2886
2001
811
2898
1478
789
2935
2588
164
1033
1198
2848
2197
507
1989
2832
1977
790
497
